47001
47003
47005
47007
47009
47011
47013
47015
47017
47019
47021
47023
47025
47027
47029
47031
47033
47035
47037
47039
47041
47043
47045
47047
47049
47051
47053
47055
47057
47059
47061
47063
47065
47067
47069
47071
47073
47075
47077
47079
47081
47083
47085
47087
47089
47091
47093
47095
47097
47099
47101
47103
47105
47107
47109
47111
47113
47115
47117
47119
47121
47123
47125
47127
47129
47131
47133
47135
47137
47139
47141
47143
47145
47147
47149
47151
47153
47155
47157
47159
47161
47163
47165
47167
47169
47171
47173
47175
47177
47179
47181
47183
47185
47187
47189
28003
28007
28009
28013
28017
28019
28025
28033
28043
28057
28069
28071
28079
28081
28087
28093
28095
28099
28101
28103
28105
28107
28115
28117
28119
28121
28123
28135
28137
28139
28141
28143
28145
28155
28159
28161
01015
01019
01033
01043
01049
01055
01059
01071
01073
10177
10179
01083
01089
01095
01103
01133
13047
13055
13083
13111
13115
13129
13213
13281
13291
13295
13313
21001
21003
21009
21031
21033
21035
21039
21047
21057
21061
21075
21083
21085
21105
21141
21143
21157
21145
21147
21169
21171
21177
21183
21219
21221
21213
21227
21235
37011
37023
37039
37043
37189
51105
51169
51191
51195
01077
01079
